dataset\JPEGImages\0_2432.jpg 105,68,167,143,0 352,24,416,32,0 381,82,416,93,0 226,191,276,226,0 177,224,242,262,0 258,303,325,367,0 76,256,123,325,0 33,278,70,344,0 1,315,30,370,0 1,368,65,410,0 105,360,155,393,0 286,383,300,416,0
dataset\JPEGImages\0_2433.jpg 94,68,157,144,0 341,21,416,33,0 372,81,416,96,0 216,190,266,228,0 168,223,232,262,0 248,302,314,369,0 95,362,145,393,0 68,257,113,326,0 394,382,416,394,0 23,278,59,345,0 1,316,20,367,0 1,372,54,409,0 277,381,292,416,0
dataset\JPEGImages\0_2434.jpg 332,23,416,34,0 360,82,416,111,0 83,69,147,144,0 205,190,256,227,0 155,222,220,264,0 57,256,100,326,0 12,275,49,345,0 1,316,10,363,0 1,375,44,411,0 85,360,134,392,0 238,300,301,366,0 384,380,416,402,0 268,382,283,415,0
dataset\JPEGImages\0_2435.jpg 195,189,245,227,0 146,221,210,263,0 74,68,137,143,0 46,257,90,325,0 4,278,40,344,0 75,362,123,394,0 1,379,34,409,0 227,301,295,370,0 374,381,416,406,0 258,381,270,415,0 350,83,416,117,0 390,48,416,67,0 320,24,416,37,0
dataset\JPEGImages\0_2436.jpg 35,256,80,326,0 135,223,201,263,0 184,190,234,226,0 65,69,126,144,0 312,22,401,35,0 380,48,416,74,0 339,83,416,121,0 215,302,283,371,0 65,361,118,391,0 361,381,416,411,0 1,276,19,318,0 1,380,24,410,0 240,381,261,416,0
dataset\JPEGImages\0_43.jpg 11,283,75,353,0 302,223,373,319,0 201,233,255,316,0 160,318,250,381,0 115,53,190,106,0 70,12,160,70,0
dataset\JPEGImages\0_44.jpg 1,282,65,352,0 150,318,239,381,0 191,233,243,317,0 292,223,362,318,0 106,55,181,107,0 56,10,149,70,0
dataset\JPEGImages\0_45.jpg 281,222,352,320,0 180,233,233,317,0 139,318,229,381,0 1,284,55,352,0 94,52,170,107,0 45,10,139,70,0 361,56,416,68,0
dataset\JPEGImages\0_46.jpg 271,223,340,316,0 351,53,416,67,0 85,52,160,107,0 34,10,128,69,0 169,232,223,316,0 129,318,220,381,0 1,282,44,351,0
dataset\JPEGImages\0_462.jpg 1,35,73,80,0 98,64,207,97,0 242,49,258,88,0 312,190,333,266,0 220,253,316,320,0 169,277,205,333,0 1,310,77,332,0
dataset\JPEGImages\0_463.jpg 293,98,388,177,0 142,217,225,276,0 2,154,23,233,0 1,247,55,285,0 1,343,95,372,0 388,295,416,358,0 144,42,195,85,0 1,44,92,96,0
dataset\JPEGImages\0_464.jpg 1,46,82,95,0 133,41,185,85,0 133,217,215,279,0 283,99,380,177,0 377,295,409,368,0 1,246,44,285,0 1,343,87,373,0 1,171,13,234,0
dataset\JPEGImages\0_465.jpg 1,49,71,95,0 124,41,174,85,0 121,218,203,279,0 274,99,369,177,0 367,296,398,367,0 1,247,33,285,0 1,343,73,372,0
dataset\JPEGImages\0_466.jpg 1,69,60,96,0 114,42,164,85,0 112,217,193,275,0 262,99,358,178,0 358,297,389,366,0 1,346,64,370,0 1,246,23,285,0
dataset\JPEGImages\0_467.jpg 1,68,51,97,0 103,41,153,84,0 252,97,348,178,0 101,217,183,280,0 346,295,378,366,0 379,322,416,357,0 380,119,416,142,0 1,350,56,373,0 1,245,13,284,0
dataset\JPEGImages\0_468.jpg 1,69,40,95,0 92,40,143,85,0 90,217,172,280,0 241,97,338,176,0 335,294,366,366,0 369,115,416,145,0 368,324,416,371,0 1,351,44,373,0
dataset\JPEGImages\0_469.jpg 230,98,327,177,0 83,43,132,85,0 80,216,163,279,0 360,113,415,146,0 325,294,356,364,0 358,323,416,394,0 1,70,29,88,0
dataset\JPEGImages\0_47.jpg 73,52,151,106,0 24,10,119,70,0 340,43,416,67,0 258,221,331,320,0 159,232,211,316,0 119,318,208,381,0 1,284,33,351,0
dataset\JPEGImages\0_470.jpg 221,97,317,176,0 71,41,122,85,0 69,218,151,280,0 348,111,416,144,0 316,295,347,366,0 351,324,405,392,0
dataset\JPEGImages\0_471.jpg 62,43,112,85,0 61,217,142,278,0 210,98,305,177,0 339,111,416,145,0 305,295,337,367,0 341,324,395,392,0
dataset\JPEGImages\0_472.jpg 199,98,295,177,0 52,42,101,85,0 49,217,131,280,0 329,97,416,144,0 294,296,326,367,0 327,323,384,392,0
dataset\JPEGImages\0_473.jpg 42,42,91,85,0 38,218,120,279,0 189,99,286,177,0 318,82,414,145,0 284,295,315,366,0 318,322,375,394,0
dataset\JPEGImages\0_474.jpg 274,296,305,367,0 307,323,364,392,0 180,97,274,178,0 306,82,406,145,0 31,42,81,85,0 27,217,112,280,0
dataset\JPEGImages\0_475.jpg 20,41,70,85,0 17,217,101,279,0 169,98,264,176,0 296,83,394,145,0 263,294,294,365,0 296,322,354,394,0
dataset\JPEGImages\0_476.jpg 158,98,254,176,0 10,41,60,85,0 8,217,89,279,0 287,83,384,144,0 253,296,285,365,0 287,323,344,392,0
dataset\JPEGImages\0_477.jpg 147,98,244,176,0 276,83,373,145,0 242,294,274,364,0 275,323,333,393,0 1,216,81,272,0 1,44,50,85,0
dataset\JPEGImages\0_478.jpg 1,48,39,83,0 174,129,234,176,0 137,98,205,173,0 266,85,363,146,0 233,295,264,367,0 266,323,324,392,0 1,217,70,253,0 383,168,416,204,0
dataset\JPEGImages\0_479.jpg 1,48,29,84,0 126,98,194,173,0 162,129,224,177,0 256,83,352,145,0 1,217,60,246,0 223,295,253,365,0 255,322,313,392,0 374,163,416,204,0
dataset\JPEGImages\0_48.jpg 63,50,140,109,0 14,9,107,69,0 1,283,23,351,0 108,318,199,381,0 149,232,202,316,0 250,223,321,321,0 330,38,408,68,0
dataset\JPEGImages\0_480.jpg 154,129,212,175,0 116,98,183,172,0 244,83,342,143,0 212,295,243,365,0 244,323,301,392,0 1,217,51,244,0 385,303,416,326,0 362,149,415,207,0
dataset\JPEGImages\0_481.jpg 1,217,39,242,0 143,130,201,176,0 105,99,174,173,0 234,83,332,143,0 353,141,416,203,0 376,299,416,325,0 201,294,232,365,0 235,322,291,392,0
dataset\JPEGImages\0_482.jpg 191,295,222,366,0 225,322,281,393,0 365,297,416,326,0 226,85,321,143,0 96,99,164,172,0 131,130,192,179,0 343,138,413,202,0 392,165,416,245,0 1,217,29,241,0
dataset\JPEGImages\0_484.jpg 22,41,58,161,0 66,1,166,63,0 133,49,201,97,0 254,45,304,86,0 7,196,94,248,0 94,248,164,286,0 113,152,133,229,0 253,220,333,280,0 91,345,203,372,0
dataset\JPEGImages\0_485.jpg 12,41,46,158,0 62,1,158,64,0 127,48,190,96,0 244,42,293,86,0 243,220,323,279,0 84,246,154,285,0 103,148,123,228,0 1,196,83,250,0 80,346,195,374,0
dataset\JPEGImages\0_486.jpg 4,42,36,159,0 51,1,147,63,0 112,49,179,97,0 233,43,283,86,0 1,196,70,228,0 94,153,112,228,0 73,248,143,286,0 73,345,183,371,0 232,219,313,279,0 382,99,416,144,0 385,406,413,416,0
dataset\JPEGImages\0_487.jpg 223,45,273,86,0 222,217,302,278,0 372,100,416,151,0 104,51,169,96,0 41,1,134,63,0 1,49,26,152,0 1,195,61,217,0 82,151,101,228,0 62,249,133,285,0 62,345,173,373,0 374,407,400,416,0
dataset\JPEGImages\0_488.jpg 363,100,416,165,0 212,219,294,279,0 212,44,262,86,0 92,51,159,97,0 31,1,127,63,0 1,58,17,118,0 1,195,52,214,0 73,151,91,230,0 52,248,123,286,0 50,345,163,373,0 363,406,391,416,0
dataset\JPEGImages\0_489.jpg 202,43,252,86,0 352,100,416,171,0 201,220,282,279,0 83,53,148,98,0 20,1,116,64,0 62,153,81,228,0 1,195,42,210,0 41,249,114,286,0 38,344,151,374,0 353,406,381,416,0
dataset\JPEGImages\0_49.jpg 4,12,97,70,0 51,52,128,107,0 319,42,398,68,0 239,223,310,321,0 138,233,193,315,0 96,318,185,380,0 1,280,14,351,0
dataset\JPEGImages\0_490.jpg 190,218,272,279,0 340,104,416,176,0 192,42,241,86,0 71,50,139,97,0 10,1,105,66,0 51,152,71,228,0 1,194,32,210,0 32,249,101,286,0 29,344,138,374,0 341,406,370,416,0
dataset\JPEGImages\0_491.jpg 1,1,94,64,0 60,51,128,97,0 182,43,231,86,0 41,149,60,229,0 20,249,92,286,0 18,345,132,375,0 179,218,263,280,0 330,100,416,178,0 332,407,362,416,0
dataset\JPEGImages\0_492.jpg 170,219,251,281,0 321,102,416,179,0 171,43,221,87,0 52,52,117,97,0 1,37,85,65,0 31,151,49,228,0 11,247,81,288,0 8,344,121,372,0 322,407,350,416,0
dataset\JPEGImages\0_493.jpg 43,52,107,97,0 1,42,74,66,0 160,44,210,86,0 21,152,39,228,0 1,248,70,286,0 158,219,240,279,0 1,345,112,373,0 308,101,405,178,0 310,406,340,416,0 401,295,416,315,0
dataset\JPEGImages\0_494.jpg 391,295,416,340,0 300,407,330,416,0 147,220,230,281,0 300,100,395,178,0 150,45,200,86,0 29,50,98,97,0 1,47,64,65,0 10,153,29,228,0 1,248,60,286,0 1,343,101,374,0
dataset\JPEGImages\0_495.jpg 140,45,191,86,0 289,101,385,178,0 381,294,412,364,0 137,220,219,280,0 21,49,86,98,0 1,47,54,64,0 1,154,18,228,0 1,248,50,286,0 1,344,87,373,0
dataset\JPEGImages\0_496.jpg 1,248,38,286,0 2,48,76,96,0 129,45,179,87,0 128,219,211,279,0 279,102,373,178,0 370,294,403,366,0 280,407,308,416,0 1,344,81,372,0
dataset\JPEGImages\0_497.jpg 1,247,30,285,0 117,218,198,279,0 119,45,168,86,0 1,53,67,97,0 268,100,364,178,0 361,293,391,362,0 269,407,298,416,0 1,345,70,374,0 397,132,416,145,0
dataset\JPEGImages\0_498.jpg 386,127,416,146,0 257,99,353,179,0 350,294,380,363,0 106,219,190,280,0 108,45,158,86,0 1,72,55,97,0 1,248,20,286,0 1,349,59,373,0 258,407,286,416,0
dataset\JPEGImages\0_499.jpg 1,70,46,101,0 98,43,148,86,0 96,219,177,278,0 247,100,344,178,0 374,120,416,146,0 339,295,371,362,0 374,325,416,362,0 248,407,277,416,0 1,354,48,373,0 1,248,8,285,0
dataset\JPEGImages\0_50.jpg 43,51,119,107,0 1,14,86,69,0 128,233,182,317,0 227,221,298,319,0 310,39,388,69,0 87,318,177,380,0
dataset\JPEGImages\0_500.jpg 87,219,169,280,0 88,45,138,87,0 1,71,34,95,0 237,100,333,178,0 365,117,416,146,0 330,295,360,363,0 367,326,416,383,0 238,407,266,416,0 1,354,42,374,0
dataset\JPEGImages\0_501.jpg 226,101,322,180,0 355,115,416,146,0 77,44,127,86,0 75,218,156,280,0 317,293,350,365,0 356,326,413,396,0 227,406,258,416,0 1,359,30,374,0 1,71,23,90,0
dataset\JPEGImages\0_502.jpg 67,43,117,87,0 66,219,148,280,0 218,103,311,179,0 344,114,416,146,0 308,294,339,361,0 344,325,401,393,0 217,407,246,416,0
dataset\JPEGImages\0_503.jpg 55,217,138,279,0 207,101,301,178,0 334,106,416,146,0 57,45,106,86,0 298,294,329,364,0 333,326,391,394,0 208,407,233,416,0
dataset\JPEGImages\0_504.jpg 44,220,126,278,0 195,99,290,177,0 324,94,416,145,0 47,44,96,86,0 286,293,318,363,0 324,326,382,395,0 196,407,226,416,0
dataset\JPEGImages\0_505.jpg 298,12,369,109,0 283,250,332,293,0 197,20,252,105,0 156,106,246,168,0 8,72,74,138,0 1,114,41,125,0 1,160,20,178,0 1,206,35,227,0 55,248,88,366,0 1,365,33,377,0 102,207,195,270,0 162,258,230,303,0
dataset\JPEGImages\0_506.jpg 44,248,78,366,0 1,70,62,138,0 147,107,233,168,0 1,113,31,126,0 184,22,240,106,0 287,12,359,110,0 272,251,322,294,0 152,258,220,304,0 91,206,186,270,0 68,403,112,416,0 1,367,23,381,0 1,210,23,229,0
dataset\JPEGImages\0_507.jpg 1,72,49,139,0 176,21,230,105,0 278,12,349,111,0 136,107,224,169,0 261,249,312,293,0 142,256,208,303,0 83,207,176,273,0 33,249,68,365,0 63,403,102,416,0
dataset\JPEGImages\0_508.jpg 23,248,57,367,0 1,70,40,139,0 165,22,218,106,0 267,12,338,111,0 126,107,214,169,0 251,251,302,293,0 133,258,199,303,0 72,207,165,271,0 53,403,88,415,0
dataset\JPEGImages\0_509.jpg 241,252,291,293,0 123,257,187,303,0 60,207,155,272,0 1,70,30,139,0 155,22,208,107,0 257,12,327,110,0 114,108,202,168,0 13,249,47,365,0 41,403,80,415,0
dataset\JPEGImages\0_51.jpg 33,52,110,107,0 1,18,78,69,0 299,37,380,68,0 218,222,289,319,0 118,232,171,316,0 76,319,165,381,0
dataset\JPEGImages\0_510.jpg 146,20,199,106,0 102,106,192,168,0 246,12,317,110,0 230,250,281,292,0 112,258,178,302,0 50,207,144,270,0 2,248,36,365,0 1,71,19,138,0 26,403,66,416,0
dataset\JPEGImages\0_511.jpg 1,255,26,354,0 41,209,130,270,0 100,258,167,304,0 221,251,270,293,0 94,107,184,168,0 134,21,188,105,0 237,12,306,110,0 369,305,416,362,0 22,403,56,415,0
dataset\JPEGImages\0_512.jpg 210,250,259,293,0 226,13,296,109,0 124,21,176,105,0 83,107,173,168,0 359,306,416,370,0 90,256,156,305,0 30,208,108,269,0 1,264,15,324,0 12,404,45,414,0
dataset\JPEGImages\0_513.jpg 80,258,146,304,0 19,207,113,268,0 1,403,36,415,0 200,251,249,293,0 349,308,416,381,0 73,107,161,169,0 114,21,168,104,0 216,12,286,110,0
dataset\JPEGImages\0_514.jpg 63,107,152,168,0 104,21,156,104,0 205,11,275,112,0 189,251,239,293,0 8,208,102,269,0 69,258,137,305,0 339,310,415,382,0
dataset\JPEGImages\0_515.jpg 328,308,416,385,0 177,250,229,293,0 59,258,126,304,0 1,210,91,271,0 53,107,142,169,0 92,22,147,105,0 194,10,265,109,0
dataset\JPEGImages\0_516.jpg 185,12,256,110,0 82,21,136,106,0 42,106,131,170,0 169,249,218,293,0 49,258,115,305,0 1,247,81,270,0 318,307,413,387,0
dataset\JPEGImages\0_517.jpg 32,107,120,169,0 72,22,125,105,0 174,12,244,110,0 158,252,208,293,0 38,258,105,304,0 1,252,71,274,0 308,306,404,386,0
dataset\JPEGImages\0_518.jpg 1,251,94,304,0 147,250,198,293,0 22,107,110,169,0 62,21,115,105,0 164,13,234,110,0 299,309,393,387,0
dataset\JPEGImages\0_519.jpg 287,310,383,388,0 137,250,187,293,0 1,253,85,304,0 11,106,105,168,0 50,21,105,105,0 152,13,223,111,0
dataset\JPEGImages\0_52.jpg 22,52,98,109,0 1,28,66,70,0 107,232,160,316,0 208,223,281,320,0 67,318,157,381,0 288,43,368,67,0
dataset\JPEGImages\0_520.jpg 142,12,214,110,0 40,21,94,106,0 1,107,90,167,0 126,250,176,292,0 1,257,73,304,0 276,309,373,386,0
dataset\JPEGImages\0_521.jpg 116,250,166,292,0 1,261,63,304,0 1,106,82,133,0 30,22,83,105,0 132,11,203,110,0 266,306,361,385,0
dataset\JPEGImages\0_522.jpg 106,250,156,293,0 121,12,193,109,0 1,107,69,131,0 21,21,73,105,0 255,309,350,386,0 386,334,416,353,0 1,277,54,306,0
dataset\JPEGImages\0_523.jpg 10,20,63,105,0 1,106,59,128,0 112,12,181,110,0 95,250,145,292,0 1,277,41,305,0 244,307,343,387,0 375,326,416,354,0 391,116,416,124,0
dataset\JPEGImages\0_524.jpg 1,21,53,105,0 101,11,172,112,0 1,106,50,123,0 83,249,134,292,0 1,278,32,298,0 237,311,329,385,0 364,324,416,353,0 381,115,416,126,0
dataset\JPEGImages\0_525.jpg 1,21,42,105,0 90,12,161,109,0 76,249,124,293,0 225,306,320,385,0 354,322,415,352,0 370,112,416,126,0 1,277,22,293,0
dataset\JPEGImages\0_526.jpg 199,221,251,308,0 157,309,247,370,0 299,216,369,310,0 112,42,187,99,0 60,1,156,59,0 380,47,416,57,0 8,275,74,340,0 1,316,42,327,0 1,116,32,127,0
dataset\JPEGImages\0_527.jpg 1,271,60,340,0 1,313,33,329,0 1,116,24,128,0 102,42,176,99,0 54,1,145,60,0 370,45,416,62,0 288,215,361,314,0 188,223,239,306,0 146,308,234,370,0
dataset\JPEGImages\0_528.jpg 174,223,231,305,0 137,309,226,370,0 278,214,349,312,0 1,273,50,342,0 91,42,167,100,0 40,1,135,61,0 360,46,416,60,0
dataset\JPEGImages\0_529.jpg 1,274,41,342,0 126,308,214,370,0 167,223,220,306,0 268,216,339,311,0 82,43,157,99,0 33,1,128,62,0 348,42,416,57,0
dataset\JPEGImages\0_53.jpg 1,42,88,107,0 94,233,151,316,0 57,318,147,379,0 197,223,268,320,0 278,41,356,66,0
dataset\JPEGImages\0_530.jpg 73,42,145,99,0 21,1,117,58,0 1,273,31,339,0 116,308,207,370,0 156,223,211,305,0 257,215,329,311,0 339,30,416,58,0
dataset\JPEGImages\0_531.jpg 247,216,319,312,0 146,223,200,307,0 106,309,196,369,0 1,273,22,342,0 60,42,134,97,0 9,1,107,59,0 327,32,405,58,0
dataset\JPEGImages\0_532.jpg 3,1,91,60,0 50,41,123,96,0 1,274,12,317,0 135,223,189,306,0 94,308,183,370,0 237,215,310,313,0 316,35,397,59,0
dataset\JPEGImages\0_533.jpg 1,6,82,60,0 39,41,113,97,0 307,33,386,56,0 226,215,299,311,0 126,222,180,306,0 85,307,173,369,0
dataset\JPEGImages\0_534.jpg 30,42,104,99,0 1,9,74,59,0 297,35,375,57,0 215,215,289,313,0 115,221,169,306,0 74,308,162,369,0
dataset\JPEGImages\0_535.jpg 106,223,157,306,0 205,214,276,311,0 63,308,152,370,0 21,43,93,99,0 1,21,64,60,0 287,32,364,57,0
dataset\JPEGImages\0_536.jpg 10,42,83,99,0 1,31,53,59,0 92,222,149,305,0 193,214,267,312,0 275,33,353,58,0 54,308,145,370,0
dataset\JPEGImages\0_537.jpg 1,39,72,99,0 85,222,137,306,0 183,215,256,311,0 42,309,133,369,0 265,36,343,58,0
dataset\JPEGImages\0_538.jpg 1,45,63,98,0 255,35,333,57,0 174,215,246,312,0 73,223,126,306,0 33,307,121,370,0
dataset\JPEGImages\0_539.jpg 63,222,115,306,0 162,215,234,311,0 23,308,112,369,0 1,49,53,99,0 245,33,325,60,0
dataset\JPEGImages\0_54.jpg 1,49,76,107,0 85,232,141,316,0 186,222,258,319,0 45,318,137,380,0 267,42,345,66,0
dataset\JPEGImages\0_540.jpg 1,56,43,98,0 48,223,107,306,0 152,216,226,311,0 11,308,100,371,0 234,36,312,57,0 391,31,416,80,0
dataset\JPEGImages\0_541.jpg 1,61,31,99,0 41,223,96,307,0 141,216,216,310,0 3,308,91,369,0 223,32,304,59,0 380,30,416,81,0
dataset\JPEGImages\0_542.jpg 1,308,82,331,0 32,221,85,306,0 133,214,203,312,0 213,36,292,57,0 371,31,416,83,0 1,76,20,98,0
dataset\JPEGImages\0_543.jpg 22,221,75,306,0 121,216,194,312,0 203,35,281,59,0 361,32,416,85,0 1,308,70,331,0
dataset\JPEGImages\0_544.jpg 11,220,63,305,0 1,307,66,333,0 111,213,184,311,0 192,33,272,58,0 351,31,416,85,0
dataset\JPEGImages\0_545.jpg 1,223,54,306,0 100,214,174,312,0 1,308,50,326,0 182,36,260,60,0 340,31,416,94,0 382,315,416,328,0
dataset\JPEGImages\0_546.jpg 1,223,44,306,0 90,215,164,314,0 172,34,251,57,0 329,32,416,99,0 374,10,416,55,0 374,316,416,327,0 1,308,41,324,0
dataset\JPEGImages\0_55.jpg 76,231,130,317,0 176,223,247,317,0 35,319,126,380,0 1,54,68,108,0 257,42,333,68,0
dataset\JPEGImages\0_56.jpg 66,233,120,316,0 166,224,236,319,0 24,318,114,380,0 1,60,57,108,0 246,41,327,67,0
dataset\JPEGImages\0_57.jpg 1,66,48,108,0 53,233,109,316,0 15,318,105,380,0 155,224,227,320,0 237,44,313,67,0 395,41,416,91,0
dataset\JPEGImages\0_58.jpg 145,220,217,320,0 1,69,36,109,0 45,233,99,317,0 5,319,94,382,0 225,43,306,67,0 383,41,416,94,0
dataset\JPEGImages\0_59.jpg 1,81,27,108,0 33,232,88,316,0 135,224,207,319,0 1,317,85,345,0 215,42,295,69,0 373,41,416,94,0
dataset\JPEGImages\0_60.jpg 123,221,194,320,0 24,233,78,315,0 1,317,72,341,0 205,44,283,68,0 363,42,416,95,0
dataset\JPEGImages\0_61.jpg 15,231,68,317,0 1,317,62,339,0 113,223,186,320,0 196,43,272,68,0 353,42,416,97,0
dataset\JPEGImages\0_62.jpg 103,223,173,320,0 1,232,58,316,0 1,318,53,340,0 184,43,264,69,0 342,42,416,101,0
dataset\JPEGImages\0_63.jpg 378,18,416,58,0 331,42,416,107,0 173,41,252,70,0 93,223,164,321,0 377,326,416,339,0 1,233,48,316,0 1,318,41,333,0
dataset\JPEGImages\0_673.jpg 85,35,128,74,0 92,57,124,116,0 174,78,208,129,0 204,19,217,66,0 314,1,342,38,0 343,2,391,31,0 393,1,416,47,0 392,108,416,144,0 308,116,343,125,0 285,149,313,163,0 244,181,270,237,0 173,181,197,219,0 122,134,157,169,0 83,152,111,224,0 25,129,80,200,0 112,211,141,245,0 173,224,215,238,0 245,309,301,364,0 356,285,369,331,0 339,392,385,402,0 67,326,106,342,0 32,230,76,318,0 103,408,145,416,0
dataset\JPEGImages\0_674.jpg 15,129,69,200,0 72,153,102,223,0 112,134,145,169,0 82,58,113,116,0 75,36,119,72,0 194,20,208,68,0 166,73,197,129,0 298,115,331,124,0 304,1,330,38,0 332,1,381,31,0 382,1,410,50,0 381,105,408,144,0 236,181,260,236,0 162,181,185,219,0 162,224,205,238,0 235,307,291,365,0 100,213,131,246,0 345,285,360,331,0 328,391,375,403,0 273,151,303,164,0 392,184,416,203,0 23,230,66,317,0 56,328,96,343,0 91,408,135,416,0
dataset\JPEGImages\0_675.jpg 2,128,58,201,0 62,152,90,222,0 101,134,135,168,0 65,37,108,74,0 72,58,103,115,0 183,20,196,68,0 154,79,186,128,0 288,117,320,124,0 371,106,397,145,0 372,1,400,49,0 322,1,369,31,0 292,1,320,38,0 381,183,416,208,0 334,285,351,331,0 395,287,416,333,0 226,307,281,363,0 223,181,251,238,0 152,181,174,217,0 152,225,194,237,0 90,212,120,245,0 12,230,56,318,0 265,152,293,163,0 318,391,365,403,0 44,328,86,344,0 81,408,125,416,0
dataset\JPEGImages\0_676.jpg 3,231,45,317,0 3,128,49,195,0 91,134,125,169,0 54,36,99,75,0 61,57,92,115,0 142,72,175,129,0 173,19,187,66,0 282,1,309,37,0 312,1,358,31,0 362,1,389,49,0 361,106,387,144,0 278,117,311,123,0 254,151,280,162,0 214,181,240,237,0 142,181,164,218,0 52,153,80,224,0 80,213,110,246,0 141,224,187,238,0 215,310,270,363,0 325,285,338,332,0 384,286,403,333,0 306,392,355,402,0 34,327,76,343,0 371,183,416,226,0 72,408,110,416,0
dataset\JPEGImages\0_677.jpg 361,184,416,228,0 350,106,376,145,0 351,1,378,49,0 300,1,349,31,0 272,1,298,39,0 163,20,176,67,0 44,37,87,74,0 50,57,82,115,0 82,134,115,169,0 135,79,165,128,0 266,117,300,124,0 241,152,272,165,0 376,286,394,332,0 313,284,328,332,0 205,308,259,363,0 296,393,342,401,0 203,181,230,238,0 131,181,154,217,0 130,225,173,239,0 69,213,100,245,0 41,153,69,223,0 1,128,38,192,0 1,236,34,318,0 24,326,65,343,0 61,408,102,416,0
dataset\JPEGImages\0_678.jpg 33,37,76,74,0 39,57,72,115,0 152,20,163,67,0 122,72,154,128,0 261,1,288,38,0 290,1,340,31,0 340,1,368,50,0 340,106,367,145,0 388,85,416,104,0 349,182,416,227,0 255,117,293,123,0 232,152,261,163,0 194,181,219,238,0 303,286,317,331,0 363,285,382,332,0 193,309,250,364,0 286,394,332,402,0 120,225,163,238,0 121,181,144,219,0 71,134,104,168,0 60,213,90,246,0 30,151,59,223,0 1,129,28,188,0 1,262,24,316,0 15,327,56,344,0 50,408,96,416,0
dataset\JPEGImages\0_679.jpg 183,308,239,363,0 294,284,308,332,0 355,288,374,334,0 276,391,323,402,0 340,183,416,227,0 330,108,355,145,0 379,85,416,104,0 329,1,357,50,0 279,1,328,31,0 251,1,278,36,0 142,20,156,66,0 244,116,279,125,0 222,152,250,163,0 113,76,144,130,0 24,36,69,74,0 30,57,61,114,0 110,181,134,219,0 60,133,93,170,0 183,182,208,239,0 110,225,154,239,0 49,213,79,247,0 1,138,18,181,0 20,151,49,223,0 1,294,15,318,0 5,328,46,345,0 41,407,81,416,0
dataset\JPEGImages\0_757.jpg 2,175,72,201,0 18,25,50,60,0 71,34,99,106,0 216,1,238,49,0 216,31,237,84,0 279,15,334,42,0 361,1,387,52,0 301,41,371,72,0 298,73,338,99,0 271,111,318,176,0 392,158,416,203,0 132,128,150,199,0 82,220,133,253,0 123,235,156,310,0 191,193,218,276,0 281,203,322,242,0 248,316,304,377,0 366,319,416,337,0 100,374,153,416,0 27,360,43,416,0
dataset\JPEGImages\0_758.jpg 7,25,39,64,0 61,35,87,104,0 1,175,61,197,0 121,126,139,201,0 70,221,123,253,0 111,236,145,313,0 180,193,208,276,0 269,203,313,242,0 261,111,307,175,0 209,1,227,48,0 207,31,225,83,0 268,15,323,42,0 293,40,359,73,0 286,72,328,102,0 349,1,376,53,0 382,139,416,201,0 356,318,411,335,0 236,317,292,380,0 88,374,143,416,0 18,359,32,415,0
dataset\JPEGImages\0_759.jpg 77,374,131,416,0 1,173,51,195,0 50,36,77,106,0 1,25,30,62,0 112,128,127,198,0 61,220,111,253,0 101,235,134,312,0 172,193,195,276,0 196,1,219,48,0 195,31,216,86,0 261,15,313,42,0 339,1,366,53,0 282,40,350,71,0 276,73,319,103,0 250,113,298,176,0 371,75,416,99,0 371,126,410,203,0 259,202,303,242,0 226,317,278,379,0 345,319,401,334,0 384,354,416,414,0
dataset\JPEGImages\0_76.jpg 113,158,190,261,0 120,95,226,142,0 193,1,235,50,0 278,103,301,180,0 281,1,320,78,0 310,40,416,131,0 318,71,396,151,0 382,236,416,274,0 313,323,396,360,0 238,287,286,370,0 105,289,156,339,0 8,222,57,320,0 121,387,160,416,0
dataset\JPEGImages\0_760.jpg 1,174,40,193,0 39,33,68,106,0 101,128,118,199,0 50,220,103,254,0 94,235,125,313,0 68,375,122,416,0 163,192,185,277,0 186,1,208,47,0 185,32,205,86,0 248,16,301,42,0 271,42,339,72,0 265,74,309,103,0 328,1,356,53,0 363,76,416,105,0 240,113,287,176,0 360,127,400,205,0 249,203,293,242,0 217,318,271,378,0 335,318,390,335,0 373,353,413,416,0
dataset\JPEGImages\0_761.jpg 38,220,91,253,0 80,235,113,313,0 91,128,105,198,0 28,35,56,104,0 174,1,199,48,0 175,31,196,85,0 238,15,291,42,0 261,40,329,71,0 253,73,295,99,0 229,111,274,177,0 351,127,389,203,0 351,76,408,103,0 319,1,348,52,0 239,203,282,242,0 150,192,173,276,0 205,315,261,379,0 326,320,379,335,0 361,354,401,416,0 58,374,112,415,0
dataset\JPEGImages\0_762.jpg 18,36,47,103,0 81,129,97,198,0 164,1,188,49,0 165,31,186,88,0 225,15,283,41,0 250,40,318,71,0 308,1,335,53,0 246,71,289,101,0 341,75,396,103,0 340,125,380,205,0 219,112,268,177,0 228,202,271,243,0 139,193,165,276,0 29,221,79,254,0 70,234,103,311,0 46,375,100,416,0 195,317,250,379,0 314,319,368,334,0 353,354,392,416,0
dataset\JPEGImages\0_763.jpg 8,35,36,105,0 71,129,86,198,0 153,1,178,49,0 154,31,176,85,0 216,15,270,42,0 297,1,326,53,0 329,75,387,104,0 239,41,308,74,0 234,73,276,102,0 207,112,255,176,0 330,126,367,204,0 217,202,261,241,0 128,192,154,276,0 61,235,93,312,0 18,220,70,254,0 38,374,91,416,0 184,317,239,378,0 303,319,358,333,0 342,353,381,416,0
dataset\JPEGImages\0_764.jpg 8,221,59,253,0 61,128,76,198,0 1,35,25,103,0 120,192,143,274,0 50,235,82,312,0 207,203,249,241,0 175,317,230,378,0 27,374,80,416,0 198,112,245,177,0 144,1,166,48,0 145,30,162,85,0 207,15,259,42,0 228,41,298,71,0 225,71,267,102,0 319,76,376,102,0 289,1,314,51,0 318,126,357,203,0 293,319,348,335,0 332,354,369,416,0
dataset\JPEGImages\0_765.jpg 135,1,156,48,0 133,30,153,85,0 196,13,250,41,0 279,1,304,50,0 219,42,288,71,0 214,71,257,102,0 311,75,366,104,0 310,124,347,204,0 187,111,236,176,0 50,127,66,196,0 107,194,132,277,0 197,203,240,241,0 40,235,71,309,0 1,221,49,253,0 17,374,70,416,0 163,318,218,379,0 284,320,337,334,0 322,354,361,416,0
dataset\JPEGImages\0_766.jpg 39,129,54,199,0 1,222,40,248,0 30,235,62,310,0 97,193,123,276,0 186,203,229,242,0 153,318,208,378,0 7,372,59,415,0 273,317,328,332,0 311,354,349,415,0 299,127,336,203,0 300,77,355,103,0 268,1,295,50,0 187,14,238,40,0 208,39,277,72,0 203,71,246,102,0 178,112,225,176,0 124,1,147,47,0 122,30,142,85,0
dataset\JPEGImages\0_767.jpg 29,129,44,199,0 87,194,113,277,0 18,235,51,312,0 143,317,198,380,0 263,320,316,333,0 301,354,341,416,0 289,128,326,203,0 400,91,416,134,0 289,76,345,103,0 256,1,284,52,0 175,15,228,41,0 198,41,266,72,0 192,73,236,100,0 167,111,215,175,0 176,203,218,241,0 111,31,132,85,0 114,1,135,46,0
dataset\JPEGImages\0_768.jpg 391,86,416,134,0 278,75,335,105,0 187,42,256,73,0 247,1,273,53,0 165,15,218,41,0 102,1,126,48,0 101,31,123,85,0 183,73,228,101,0 156,110,204,175,0 165,204,207,242,0 278,127,316,203,0 133,317,187,378,0 251,320,305,333,0 289,354,329,416,0 78,191,102,277,0 18,128,33,200,0 6,236,41,313,0
dataset\JPEGImages\0_769.jpg 93,1,113,49,0 90,31,112,85,0 157,16,209,41,0 234,1,262,52,0 268,76,324,103,0 382,84,413,132,0 177,41,246,72,0 171,72,213,103,0 146,113,194,176,0 154,202,197,242,0 268,127,307,204,0 67,193,91,275,0 8,129,23,198,0 1,235,30,313,0 122,317,177,379,0 240,320,295,334,0 278,354,318,416,0 379,7,416,24,0
dataset\JPEGImages\0_77.jpg 102,158,180,260,0 110,98,214,145,0 186,1,225,50,0 271,1,314,79,0 269,104,290,178,0 300,39,408,130,0 311,70,384,149,0 371,236,416,284,0 300,323,391,360,0 228,287,277,370,0 94,289,146,338,0 1,222,43,299,0 111,388,148,416,0
dataset\JPEGImages\0_770.jpg 371,84,403,131,0 369,1,410,24,0 225,1,253,53,0 144,15,197,40,0 167,39,235,72,0 161,74,204,101,0 256,74,314,103,0 257,127,295,204,0 136,110,184,174,0 81,1,104,49,0 79,31,101,86,0 57,193,83,276,0 1,235,21,299,0 144,203,188,244,0 112,317,167,379,0 230,320,286,336,0 269,353,308,416,0
dataset\JPEGImages\0_771.jpg 100,317,157,378,0 46,192,71,276,0 135,203,177,242,0 246,127,287,201,0 221,320,276,335,0 258,354,298,416,0 124,111,173,176,0 71,1,94,49,0 73,31,93,85,0 136,15,188,42,0 155,40,224,72,0 151,72,194,102,0 215,1,241,53,0 247,76,302,103,0 361,83,392,133,0 399,132,416,217,0 357,1,401,23,0
dataset\JPEGImages\0_772.jpg 114,112,163,176,0 61,1,83,46,0 60,31,80,85,0 123,14,178,41,0 204,1,232,52,0 146,41,216,72,0 140,70,186,101,0 237,75,294,103,0 351,83,382,133,0 348,1,390,22,0 400,29,416,95,0 388,131,416,217,0 236,126,275,204,0 124,203,167,241,0 36,193,61,276,0 91,317,146,381,0 211,319,267,334,0 386,257,416,286,0 372,386,416,403,0 249,354,287,416,0
dataset\JPEGImages\0_773.jpg 337,1,379,23,0 389,27,413,94,0 341,81,373,134,0 378,131,416,219,0 375,258,416,299,0 225,128,265,203,0 226,74,282,102,0 193,1,222,51,0 111,16,166,44,0 135,40,204,71,0 128,71,173,103,0 103,112,150,176,0 51,1,72,46,0 50,30,71,86,0 114,203,156,242,0 25,193,53,277,0 81,318,136,380,0 202,321,254,333,0 364,384,409,402,0 239,353,276,416,0
dataset\JPEGImages\0_774.jpg 69,317,124,378,0 16,192,39,275,0 104,203,146,241,0 192,321,244,335,0 365,256,416,309,0 353,383,399,402,0 226,354,266,416,0 217,126,255,203,0 93,112,142,175,0 120,73,161,100,0 41,1,62,47,0 39,31,63,85,0 103,15,154,41,0 125,40,193,70,0 185,1,211,53,0 218,75,272,103,0 329,83,361,135,0 380,27,403,94,0 366,129,416,217,0 326,1,370,24,0
dataset\JPEGImages\0_775.jpg 205,126,244,202,0 205,73,262,102,0 320,83,350,133,0 357,132,405,217,0 368,27,392,94,0 317,1,358,24,0 173,1,200,52,0 92,15,145,42,0 113,42,182,71,0 109,74,152,100,0 30,1,52,48,0 30,30,51,85,0 83,111,132,176,0 93,203,135,243,0 4,193,29,276,0 61,317,113,381,0 180,320,233,337,0 354,256,403,308,0 341,384,390,401,0 218,354,255,416,0
dataset\JPEGImages\0_776.jpg 20,1,41,48,0 19,30,40,85,0 81,15,135,41,0 103,39,173,71,0 164,1,192,51,0 99,71,142,102,0 195,75,251,103,0 74,112,121,174,0 83,204,125,242,0 1,212,19,275,0 195,127,234,203,0 50,318,104,378,0 169,319,223,335,0 344,256,393,307,0 346,132,395,216,0 310,81,341,133,0 359,28,382,95,0 306,1,350,24,0 331,383,378,402,0 207,354,246,416,0
dataset\JPEGImages\0_777.jpg 12,1,31,45,0 10,31,33,84,0 71,14,124,40,0 93,39,161,72,0 89,73,129,101,0 62,111,111,175,0 72,203,114,243,0 39,319,91,377,0 157,321,213,334,0 333,256,382,306,0 187,127,223,199,0 335,132,386,217,0 298,81,331,134,0 348,25,372,94,0 295,1,338,24,0 183,75,241,104,0 321,382,366,400,0 198,354,238,416,0 153,1,180,52,0
dataset\JPEGImages\0_78.jpg 92,159,171,260,0 1,224,36,282,0 84,289,135,339,0 101,389,139,416,0 219,288,267,370,0 293,318,374,361,0 359,237,416,289,0 254,103,280,178,0 259,1,299,80,0 176,1,215,50,0 100,99,206,145,0 289,39,396,131,0 301,68,375,149,0
dataset\JPEGImages\0_788.jpg 24,67,85,135,0 157,36,186,88,0 250,60,293,80,0 200,98,216,129,0 220,136,236,200,0 299,154,371,179,0 391,126,416,170,0 208,214,260,230,0 105,183,179,221,0 55,217,89,255,0 5,239,29,293,0 56,296,85,335,0 110,318,139,382,0 109,365,132,416,0 173,350,225,377,0 195,374,263,408,0 257,329,280,387,0 54,277,100,290,0 1,292,58,317,0
dataset\JPEGImages\0_789.jpg 13,66,73,134,0 147,36,175,88,0 187,98,206,129,0 239,60,283,81,0 298,1,317,25,0 288,152,361,179,0 380,125,416,170,0 210,137,225,200,0 197,214,249,235,0 95,183,170,221,0 45,217,78,254,0 45,294,75,334,0 43,276,89,290,0 100,318,128,380,0 102,366,119,416,0 162,349,215,376,0 182,375,253,406,0 244,329,270,387,0 1,288,52,317,0
dataset\JPEGImages\0_79.jpg 81,160,157,259,0 73,290,124,337,0 1,223,25,270,0 208,285,256,370,0 280,321,365,361,0 335,360,416,397,0 349,237,416,294,0 248,104,269,178,0 280,42,386,128,0 289,67,358,153,0 340,72,399,105,0 249,1,291,78,0 164,1,204,49,0 89,99,193,142,0 91,387,127,415,0
dataset\JPEGImages\0_790.jpg 3,65,64,136,0 136,37,165,88,0 178,98,196,130,0 228,60,271,81,0 285,1,307,25,0 200,137,217,200,0 187,215,239,232,0 278,153,350,178,0 370,125,412,170,0 85,183,160,220,0 35,218,69,254,0 36,295,65,335,0 35,277,79,290,0 1,290,41,311,0 90,317,118,381,0 88,365,107,416,0 151,349,205,377,0 174,375,242,406,0 233,330,260,387,0 382,285,416,312,0 376,332,416,358,0
dataset\JPEGImages\0_791.jpg 1,71,53,135,0 125,37,155,89,0 75,183,148,221,0 25,217,57,255,0 191,137,207,200,0 168,98,184,129,0 218,60,263,81,0 268,155,340,178,0 360,124,401,168,0 372,285,416,317,0 366,311,416,360,0 225,329,250,385,0 142,349,192,375,0 164,376,233,406,0 82,366,103,415,0 79,316,109,381,0 25,295,58,338,0 178,215,228,231,0 23,275,68,293,0 277,1,297,27,0 1,290,32,309,0
dataset\JPEGImages\0_792.jpg 1,72,44,135,0 116,35,144,88,0 209,61,252,80,0 157,97,174,131,0 265,1,287,25,0 180,138,195,199,0 63,182,138,220,0 167,216,218,230,0 13,218,46,256,0 14,296,43,335,0 69,317,98,382,0 71,365,91,414,0 132,350,183,376,0 152,376,222,406,0 214,328,239,386,0 258,155,329,178,0 350,126,392,168,0 356,307,409,359,0 362,285,416,321,0
dataset\JPEGImages\0_793.jpg 2,217,36,256,0 53,182,128,220,0 156,216,207,233,0 168,135,184,199,0 147,98,164,129,0 106,37,134,88,0 198,59,243,81,0 247,154,318,180,0 339,125,381,169,0 353,285,411,319,0 346,307,398,358,0 203,328,229,385,0 121,349,173,376,0 143,374,212,407,0 60,316,87,381,0 59,366,75,416,0 6,295,34,333,0 2,278,47,292,0 396,367,416,415,0 256,1,276,25,0
dataset\JPEGImages\0_794.jpg 43,182,117,221,0 160,138,174,199,0 146,215,197,231,0 237,154,309,178,0 329,125,370,169,0 335,306,388,357,0 343,283,403,319,0 193,328,219,386,0 132,375,201,406,0 111,349,164,377,0 48,317,77,382,0 52,365,74,415,0 1,277,38,290,0 1,295,22,319,0 187,61,232,81,0 96,37,124,87,0 136,98,153,129,0 392,119,416,152,0 244,1,266,25,0 1,217,26,247,0 387,363,411,415,0
dataset\JPEGImages\0_795.jpg 376,363,398,416,0 325,307,376,358,0 333,283,393,319,0 226,155,297,179,0 319,125,360,168,0 382,115,416,151,0 233,1,254,24,0 176,61,221,80,0 86,37,114,88,0 126,99,143,130,0 149,137,163,199,0 32,182,107,220,0 135,213,187,230,0 183,329,208,388,0 100,349,152,376,0 122,374,192,409,0 39,363,56,416,0 37,315,68,381,0
dataset\JPEGImages\0_796.jpg 115,98,134,131,0 75,37,103,89,0 167,60,209,80,0 225,1,244,25,0 215,156,288,180,0 308,125,349,169,0 372,111,416,151,0 138,137,154,196,0 125,214,174,228,0 22,183,97,221,0 28,317,56,382,0 28,366,44,416,0 90,349,144,377,0 112,375,182,408,0 173,329,198,388,0 321,283,378,318,0 314,307,365,359,0 364,363,389,416,0
dataset\JPEGImages\0_797.jpg 18,317,46,383,0 19,366,34,416,0 11,182,88,224,0 128,137,145,200,0 114,216,166,232,0 205,154,278,179,0 297,125,339,168,0 361,107,416,149,0 398,237,416,270,0 312,284,370,320,0 302,307,355,359,0 355,364,377,416,0 161,327,189,386,0 100,375,171,409,0 79,349,131,376,0 64,37,92,88,0 156,60,199,80,0 105,97,122,129,0 214,1,235,26,0
dataset\JPEGImages\0_798.jpg 194,156,267,178,0 287,125,329,168,0 351,104,416,150,0 396,129,416,163,0 390,236,416,284,0 301,283,361,319,0 293,307,345,357,0 343,363,368,416,0 103,213,155,231,0 1,183,77,224,0 117,137,132,199,0 94,98,112,130,0 53,38,82,89,0 145,60,190,81,0 153,329,178,388,0 90,374,159,408,0 69,350,121,376,0 7,318,35,380,0 7,366,26,416,0 203,1,223,26,0
dataset\JPEGImages\0_799.jpg 23,116,86,166,0 123,127,166,140,0 151,68,198,96,0 146,29,185,63,0 97,59,142,71,0 43,237,117,267,0 150,250,179,281,0 214,311,235,376,0 215,244,258,319,0 287,141,305,188,0 324,130,375,154,0 110,365,150,381,0 23,303,75,335,0 1,331,67,367,0
dataset\JPEGImages\0_8.jpg 257,146,332,213,0 331,283,369,327,0 272,248,306,270,0 243,197,277,255,0 200,85,278,135,0 311,45,361,115,0 249,64,333,93,0 98,83,164,114,0 61,44,111,77,0 1,81,39,111,0 33,124,109,163,0 1,124,52,165,0 99,197,128,273,0 1,258,43,280,0 108,291,163,338,0 82,317,134,330,0 1,347,28,394,0 97,385,141,416,0 133,368,221,416,0 230,375,269,416,0
dataset\JPEGImages\0_80.jpg 71,157,151,262,0 81,99,183,140,0 240,106,257,177,0 197,285,244,370,0 64,291,112,337,0 80,388,117,416,0 271,323,355,358,0 337,236,412,292,0 272,43,376,128,0 282,73,352,151,0 238,1,278,76,0 287,1,347,13,0 154,1,192,48,0
dataset\JPEGImages\0_800.jpg 14,116,75,164,0 32,237,105,263,0 3,305,65,338,0 3,331,57,359,0 99,364,139,380,0 139,250,168,279,0 202,310,225,375,0 203,244,246,320,0 276,142,296,185,0 314,128,365,155,0 114,124,156,140,0 141,69,189,97,0 136,27,178,64,0
dataset\JPEGImages\0_801.jpg 3,116,65,163,0 105,125,145,140,0 129,69,176,93,0 267,141,286,188,0 304,130,356,156,0 391,194,416,225,0 193,246,237,321,0 130,251,159,281,0 191,311,214,379,0 125,27,168,62,0 23,234,96,263,0 1,304,57,338,0 1,330,47,359,0 88,363,129,384,0 392,381,416,416,0
dataset\JPEGImages\0_802.jpg 1,304,46,335,0 1,330,38,344,0 13,235,86,263,0 2,116,55,163,0 95,126,133,140,0 115,25,157,62,0 121,68,165,94,0 256,141,275,189,0 292,129,346,156,0 399,58,416,103,0 380,192,416,234,0 382,374,416,415,0 186,246,226,321,0 182,310,203,378,0 118,250,149,281,0 79,363,118,380,0
dataset\JPEGImages\0_803.jpg 174,245,216,320,0 171,311,193,374,0 107,251,138,280,0 67,363,109,381,0 246,141,265,187,0 283,127,334,156,0 389,56,406,103,0 370,194,416,243,0 372,370,411,416,0 111,69,156,94,0 104,28,143,66,0 83,125,124,142,0 1,120,45,164,0 1,238,75,263,0 1,303,36,330,0
dataset\JPEGImages\0_804.jpg 1,238,64,264,0 1,127,36,165,0 73,127,114,141,0 95,28,136,62,0 100,68,146,94,0 98,251,127,281,0 57,364,97,382,0 161,311,184,375,0 163,248,206,320,0 235,142,254,188,0 272,129,325,155,0 379,54,397,103,0 360,193,416,250,0 392,291,416,326,0 401,342,416,406,0 360,372,400,416,0
dataset\JPEGImages\0_805.jpg 350,193,407,250,0 381,278,416,326,0 390,334,416,409,0 352,371,390,416,0 368,56,386,103,0 261,129,314,155,0 225,141,243,187,0 83,28,123,62,0 89,68,134,94,0 63,126,102,142,0 1,134,24,164,0 1,242,53,263,0 87,252,116,280,0 151,246,196,319,0 150,311,171,376,0 46,362,89,381,0
dataset\JPEGImages\0_806.jpg 74,26,115,62,0 78,67,125,96,0 52,126,92,139,0 215,142,233,185,0 251,128,302,156,0 358,56,375,104,0 339,193,397,252,0 369,278,407,326,0 380,321,416,406,0 341,372,380,416,0 141,246,185,319,0 139,310,163,376,0 76,250,107,281,0 36,363,79,381,0 1,250,44,263,0
dataset\JPEGImages\0_807.jpg 41,124,81,139,0 68,68,114,94,0 64,27,105,63,0 204,142,222,186,0 240,130,291,155,0 348,57,365,103,0 328,193,386,250,0 359,277,396,325,0 369,315,416,408,0 330,371,371,416,0 131,244,173,320,0 130,310,152,377,0 64,249,94,278,0 1,252,34,263,0 25,365,68,381,0
dataset\JPEGImages\0_808.jpg 57,251,86,281,0 120,244,164,321,0 120,310,141,376,0 15,363,57,380,0 32,124,72,140,0 52,26,93,63,0 58,68,103,95,0 193,142,212,188,0 230,130,282,156,0 337,56,353,103,0 381,109,416,122,0 318,193,378,251,0 350,276,386,325,0 359,313,416,406,0 319,370,360,416,0
dataset\JPEGImages\0_809.jpg 183,142,201,188,0 111,244,153,320,0 46,251,76,279,0 21,127,62,140,0 47,68,93,94,0 42,27,82,62,0 221,129,271,155,0 326,55,344,103,0 372,110,416,121,0 372,134,407,162,0 308,194,368,251,0 339,277,375,325,0 349,312,416,410,0 308,371,349,416,0 108,311,130,375,0 5,364,46,381,0
dataset\JPEGImages\0_81.jpg 57,159,138,262,0 68,99,173,143,0 143,1,182,48,0 227,102,246,177,0 228,1,269,77,0 280,1,336,14,0 261,41,365,125,0 268,69,344,152,0 326,236,402,291,0 260,322,343,359,0 52,287,101,334,0 69,388,106,416,0 187,287,235,370,0
dataset\JPEGImages\0_810.jpg 29,28,71,62,0 37,67,83,95,0 11,126,49,140,0 33,250,64,280,0 96,246,143,320,0 96,311,121,375,0 171,141,191,187,0 212,131,260,154,0 316,55,336,104,0 362,109,416,125,0 362,134,397,163,0 297,194,356,250,0 329,277,367,324,0 339,312,406,406,0 300,368,340,416,0 1,364,35,380,0
dataset\JPEGImages\0_811.jpg 163,142,182,189,0 199,130,250,154,0 305,56,324,103,0 348,110,411,125,0 352,133,386,162,0 287,193,346,250,0 318,277,355,326,0 329,312,396,409,0 395,232,415,278,0 287,370,329,416,0 89,244,134,322,0 88,311,111,378,0 25,251,56,281,0 1,363,25,381,0 1,124,41,142,0 25,67,72,95,0 21,28,63,64,0
dataset\JPEGImages\0_812.jpg 14,250,44,281,0 1,127,29,146,0 7,29,50,64,0 16,68,62,94,0 152,142,170,186,0 189,129,241,156,0 296,56,314,103,0 339,109,401,124,0 341,133,377,161,0 385,232,403,276,0 276,194,336,251,0 307,277,345,324,0 318,310,388,406,0 278,371,318,415,0 78,246,122,321,0 72,310,100,377,0
dataset\JPEGImages\0_813.jpg 141,141,159,187,0 178,129,231,154,0 7,68,52,93,0 1,28,41,65,0 285,55,303,104,0 329,109,391,124,0 330,135,366,163,0 374,233,393,274,0 299,279,334,324,0 267,194,326,251,0 70,243,111,320,0 67,310,90,376,0 267,372,306,416,0 308,312,376,408,0 1,246,33,279,0
dataset\JPEGImages\0_814.jpg 1,28,30,63,0 1,71,43,95,0 130,139,150,186,0 167,128,220,155,0 275,55,296,104,0 318,109,380,125,0 319,133,355,163,0 257,193,316,249,0 387,186,416,200,0 364,232,382,274,0 287,276,324,325,0 298,312,364,405,0 259,370,298,416,0 59,247,102,320,0 58,311,79,375,0 1,251,24,279,0
dataset\JPEGImages\0_815.jpg 49,246,89,320,0 46,311,69,374,0 122,142,140,187,0 159,127,210,153,0 246,192,305,250,0 264,55,282,102,0 310,134,346,162,0 309,108,371,129,0 377,188,416,204,0 353,233,373,273,0 276,277,313,324,0 286,312,354,406,0 245,371,286,416,0 1,75,31,94,0 1,24,20,63,0
dataset\JPEGImages\0_816.jpg 38,244,79,320,0 35,311,59,376,0 111,141,128,187,0 147,128,202,156,0 253,55,275,104,0 236,193,293,249,0 298,134,334,163,0 296,110,361,127,0 365,186,416,208,0 342,233,362,273,0 266,275,303,326,0 275,313,343,408,0 233,371,275,416,0
dataset\JPEGImages\0_817.jpg 288,134,323,163,0 289,110,350,125,0 354,112,416,126,0 355,188,416,207,0 331,232,352,274,0 225,194,283,249,0 243,54,262,104,0 136,130,189,155,0 100,141,119,188,0 28,244,71,320,0 25,311,48,375,0 257,277,292,325,0 266,313,334,408,0 225,371,267,416,0
dataset\JPEGImages\0_818.jpg 89,140,110,186,0 18,242,62,320,0 11,310,38,376,0 127,128,178,155,0 232,56,253,106,0 214,193,274,251,0 245,277,282,325,0 321,232,340,274,0 277,134,314,163,0 278,110,339,126,0 343,113,410,128,0 343,188,412,213,0 209,371,254,416,0 256,312,324,407,0
dataset\JPEGImages\0_819.jpg 7,243,52,322,0 5,309,28,374,0 78,138,98,188,0 116,130,168,156,0 221,55,242,104,0 268,110,328,125,0 334,116,400,125,0 269,133,305,163,0 336,188,401,213,0 311,234,332,274,0 203,194,264,251,0 233,277,271,327,0 245,313,312,413,0 204,371,245,416,0
dataset\JPEGImages\0_82.jpg 48,160,127,259,0 60,99,164,142,0 174,286,226,371,0 43,290,93,338,0 220,105,238,178,0 135,1,171,49,0 318,236,390,292,0 247,44,354,131,0 257,67,334,152,0 307,70,368,107,0 213,1,257,79,0 268,1,329,14,0 250,322,338,359,0 304,360,379,390,0
dataset\JPEGImages\0_820.jpg 61,9,128,31,0 153,1,253,51,0 310,64,375,89,0 343,1,406,52,0 344,146,416,165,0 402,203,416,246,0 199,132,264,195,0 86,103,178,227,0 43,139,120,188,0 25,120,49,180,0 1,76,27,144,0 108,354,132,416,0 202,379,246,416,0 243,250,317,306,0 244,326,343,359,0 341,324,361,414,0 360,302,416,381,0
dataset\JPEGImages\0_821.jpg 187,133,253,196,0 299,65,364,86,0 333,1,395,53,0 333,146,416,167,0 392,186,416,246,0 234,251,307,306,0 102,132,146,228,0 76,106,166,155,0 143,1,242,56,0 51,11,118,31,0 36,138,108,188,0 16,118,36,180,0 100,354,119,416,0 190,378,235,416,0 236,326,333,360,0 328,324,351,411,0 351,301,416,386,0
dataset\JPEGImages\0_822.jpg 175,133,242,196,0 289,64,356,87,0 323,1,385,53,0 323,143,412,166,0 381,180,416,247,0 220,251,295,306,0 224,326,322,359,0 318,325,339,412,0 341,301,411,385,0 130,1,232,55,0 40,10,108,30,0 91,130,140,228,0 64,107,156,156,0 23,139,93,190,0 3,118,26,177,0 88,355,109,416,0 181,377,226,416,0
dataset\JPEGImages\0_823.jpg 121,1,222,56,0 30,10,98,32,0 277,66,345,87,0 312,2,375,52,0 167,133,232,197,0 311,144,403,166,0 371,173,413,246,0 56,104,153,235,0 12,138,90,187,0 72,355,99,416,0 211,252,287,305,0 213,326,314,359,0 331,301,400,390,0 309,325,328,416,0 171,377,215,416,0
dataset\JPEGImages\0_824.jpg 320,301,388,384,0 298,326,317,412,0 203,324,302,359,0 201,250,274,306,0 156,133,221,194,0 302,145,392,164,0 363,174,403,245,0 269,66,335,86,0 301,1,363,53,0 114,1,210,53,0 19,10,87,31,0 45,104,140,154,0 2,139,71,185,0 61,355,89,416,0 162,378,204,416,0 72,131,116,227,0
dataset\JPEGImages\0_825.jpg 144,134,212,196,0 258,64,325,86,0 294,141,383,164,0 350,174,393,248,0 290,1,355,53,0 99,1,200,54,0 9,8,76,37,0 34,106,125,153,0 1,145,70,190,0 52,355,77,416,0 189,251,266,306,0 193,325,292,360,0 151,378,194,416,0 289,326,308,412,0 307,301,379,385,0 61,131,104,227,0
dataset\JPEGImages\0_826.jpg 1,10,66,32,0 88,1,191,56,0 52,131,93,229,0 25,103,115,155,0 1,151,57,189,0 133,133,200,198,0 248,66,313,86,0 281,1,343,51,0 384,21,416,56,0 278,143,372,168,0 341,172,382,247,0 181,252,254,306,0 182,323,281,358,0 139,378,182,416,0 279,325,296,406,0 298,300,368,385,0 41,355,66,416,0
dataset\JPEGImages\0_827.jpg 125,133,191,195,0 271,145,360,167,0 330,174,372,247,0 289,302,356,385,0 268,325,287,412,0 172,322,271,358,0 171,252,245,305,0 131,376,174,415,0 38,353,58,415,0 39,131,82,224,0 17,104,104,153,0 1,158,36,184,0 81,1,180,55,0 1,11,55,33,0 236,64,304,88,0 270,1,333,53,0 375,23,416,56,0
dataset\JPEGImages\0_828.jpg 70,1,170,54,0 1,11,44,27,0 226,65,292,88,0 260,1,322,51,0 364,24,416,55,0 260,145,351,165,0 320,174,362,249,0 112,131,182,196,0 31,131,70,226,0 3,106,93,154,0 158,249,233,306,0 161,327,261,359,0 22,355,46,416,0 119,378,162,416,0 257,323,277,410,0 279,302,349,385,0
dataset\JPEGImages\0_829.jpg 59,1,159,57,0 215,64,283,92,0 250,1,312,57,0 354,21,416,55,0 247,143,341,165,0 308,172,351,247,0 145,249,223,305,0 103,131,171,195,0 19,132,61,224,0 1,108,82,156,0 14,356,35,416,0 151,326,250,359,0 246,325,266,414,0 269,301,338,384,0 110,378,151,416,0
dataset\JPEGImages\0_83.jpg 39,159,120,260,0 47,101,153,141,0 120,1,161,50,0 207,1,247,80,0 239,45,343,127,0 260,1,317,14,0 252,69,323,149,0 294,73,356,107,0 206,103,229,179,0 306,235,382,292,0 240,323,336,358,0 168,285,215,370,0 31,289,82,339,0 49,389,85,416,0
dataset\JPEGImages\0_830.jpg 1,357,25,416,0 1,105,66,153,0 2,73,101,113,0 46,1,149,56,0 93,134,160,196,0 238,145,329,167,0 298,173,341,250,0 139,250,213,305,0 142,322,239,360,0 100,378,141,416,0 237,323,257,409,0 257,301,328,386,0 205,65,272,89,0 239,2,303,56,0 344,20,409,54,0 10,131,53,228,0
dataset\JPEGImages\0_831.jpg 289,174,330,247,0 227,144,319,167,0 249,301,316,385,0 228,326,244,411,0 130,324,229,359,0 89,380,134,416,0 126,250,203,306,0 81,132,150,195,0 194,64,260,88,0 228,2,291,53,0 334,20,398,56,0 372,49,416,63,0 41,1,139,54,0 1,73,90,112,0 1,104,61,151,0 1,307,43,376,0 1,356,15,414,0 2,153,43,228,0
dataset\JPEGImages\0_832.jpg 278,174,319,248,0 219,144,309,166,0 186,65,253,87,0 218,1,281,53,0 322,21,389,56,0 363,48,416,72,0 73,134,139,196,0 120,251,193,308,0 122,322,218,359,0 216,325,237,414,0 238,302,305,384,0 78,378,120,416,0 1,179,29,228,0 1,108,49,148,0 1,79,81,114,0 23,1,128,54,0
dataset\JPEGImages\0_833.jpg 1,82,68,112,0 1,107,40,149,0 61,133,130,196,0 19,1,117,53,0 173,66,241,87,0 208,1,271,50,0 313,21,379,57,0 351,48,416,96,0 209,140,298,168,0 268,173,310,247,0 108,249,182,306,0 110,324,209,359,0 204,326,224,416,0 226,299,293,386,0 1,318,20,378,0 68,379,109,416,0
dataset\JPEGImages\0_834.jpg 257,174,298,247,0 196,145,288,167,0 166,67,228,85,0 7,1,107,54,0 1,83,60,113,0 2,104,31,138,0 53,134,119,193,0 95,251,171,306,0 99,325,197,358,0 190,325,214,416,0 215,301,283,385,0 303,22,368,59,0 341,49,416,114,0 196,2,260,52,0 58,377,101,416,0 368,338,416,348,0
dataset\JPEGImages\0_835.jpg 154,67,218,86,0 188,2,248,51,0 292,21,358,56,0 331,48,406,110,0 187,144,278,165,0 247,173,289,248,0 40,134,107,193,0 1,89,50,114,0 1,1,96,54,0 87,249,160,307,0 88,324,189,360,0 46,377,90,416,0 184,325,204,410,0 205,300,273,385,0 358,338,416,350,0
dataset\JPEGImages\0_836.jpg 1,1,86,53,0 1,91,38,114,0 32,136,96,192,0 174,145,268,168,0 238,173,278,246,0 75,250,152,306,0 78,324,178,357,0 36,377,79,416,0 177,324,194,406,0 195,300,263,385,0 346,339,416,353,0 281,23,347,56,0 321,48,396,111,0 177,2,239,52,0 144,65,208,86,0
dataset\JPEGImages\0_837.jpg 311,49,383,111,0 269,22,336,56,0 167,1,230,52,0 133,65,199,87,0 1,1,77,51,0 20,131,86,196,0 165,143,257,167,0 228,172,268,246,0 65,250,139,305,0 66,325,168,360,0 27,378,70,416,0 163,320,184,410,0 185,301,254,385,0 336,339,416,352,0
dataset\JPEGImages\0_838.jpg 1,5,66,50,0 155,2,219,51,0 261,20,328,56,0 300,48,375,108,0 123,65,189,87,0 10,134,76,196,0 156,144,246,166,0 216,174,258,247,0 56,250,132,304,0 59,326,157,359,0 153,327,173,412,0 175,301,240,385,0 327,339,416,353,0 378,384,416,415,0 16,378,59,416,0 401,218,416,279,0
dataset\JPEGImages\0_839.jpg 145,147,235,167,0 206,174,246,246,0 166,301,232,385,0 142,325,163,412,0 47,324,146,359,0 46,252,119,306,0 1,133,65,198,0 1,25,49,52,0 1,10,54,31,0 145,1,208,51,0 108,66,177,85,0 250,18,316,56,0 289,47,366,111,0 6,379,50,416,0 315,339,413,360,0 389,219,416,291,0 372,363,416,415,0
dataset\JPEGImages\0_84.jpg 38,99,147,140,0 29,159,106,262,0 158,288,203,371,0 22,288,71,337,0 38,388,74,416,0 112,1,152,51,0 197,1,229,79,0 195,105,217,179,0 260,38,333,77,0 236,69,311,150,0 288,72,348,106,0 297,238,371,292,0 229,321,338,359,0 384,308,416,332,0
dataset\JPEGImages\0_840.jpg 1,133,56,189,0 136,146,226,166,0 240,13,307,56,0 278,47,355,113,0 134,1,197,53,0 103,65,167,87,0 196,173,236,247,0 153,299,221,387,0 136,326,152,411,0 38,327,136,360,0 36,252,107,306,0 308,344,401,360,0 360,353,409,413,0 378,217,403,292,0 1,380,46,415,0 1,31,41,52,0 1,12,45,31,0
dataset\JPEGImages\0_85.jpg 130,117,229,219,0 78,6,158,102,0 1,9,60,57,0 1,192,55,253,0 170,229,208,289,0 204,306,269,368,0 322,186,357,279,0 286,159,337,205,0 353,57,408,105,0 258,1,289,36,0 379,197,416,308,0
dataset\JPEGImages\0_86.jpg 121,116,218,217,0 67,9,147,101,0 248,1,281,35,0 1,9,50,46,0 1,192,45,237,0 160,228,194,286,0 194,307,259,369,0 312,186,346,278,0 276,160,328,204,0 344,59,398,107,0 369,199,416,311,0
dataset\JPEGImages\0_87.jpg 110,116,208,219,0 59,13,136,101,0 237,1,270,35,0 267,159,317,205,0 301,187,337,277,0 360,199,413,320,0 332,58,387,104,0 184,307,248,367,0 151,230,184,288,0 1,9,38,46,0
dataset\JPEGImages\0_88.jpg 100,116,198,219,0 46,11,126,102,0 226,1,260,35,0 322,59,377,106,0 255,160,305,203,0 290,187,325,278,0 346,198,403,319,0 174,307,238,367,0 139,228,171,285,0
dataset\JPEGImages\0_89.jpg 87,114,188,218,0 36,8,115,100,0 216,1,250,34,0 312,58,366,108,0 245,161,296,206,0 281,187,314,280,0 338,197,390,318,0 129,228,169,288,0 163,306,228,369,0
dataset\JPEGImages\0_90.jpg 271,187,305,278,0 233,160,284,203,0 300,59,355,105,0 348,121,416,142,0 328,197,382,320,0 154,306,218,367,0 118,229,153,284,0 78,117,176,219,0 29,7,104,98,0 206,1,238,36,0
dataset\JPEGImages\0_904.jpg 106,187,126,262,0 27,260,121,272,0 105,294,160,373,0 77,372,181,412,0 227,170,294,252,0 339,140,376,205,0 376,242,416,259,0 359,303,405,360,0 314,67,387,128,0 377,95,416,122,0 213,60,272,85,0 79,1,161,67,0 62,58,121,136,0 24,201,64,225,0
dataset\JPEGImages\0_905.jpg 218,170,284,252,0 330,142,366,205,0 365,233,414,256,0 348,301,393,360,0 304,67,376,128,0 365,92,416,122,0 201,60,263,85,0 69,1,151,66,0 52,58,111,135,0 14,200,54,224,0 95,188,119,262,0 16,256,111,272,0 96,291,152,373,0 64,370,171,411,0
dataset\JPEGImages\0_906.jpg 1,197,43,224,0 43,59,102,137,0 59,1,142,66,0 191,58,252,87,0 296,68,366,131,0 356,94,416,123,0 382,1,416,29,0 318,142,356,205,0 355,234,403,258,0 339,301,383,358,0 207,170,274,251,0 88,192,105,263,0 7,259,100,270,0 86,293,138,372,0 55,371,161,412,0
dataset\JPEGImages\0_907.jpg 285,70,356,127,0 346,94,416,122,0 309,140,346,206,0 343,237,395,259,0 197,170,263,252,0 182,59,242,85,0 48,1,129,67,0 32,60,92,137,0 74,191,97,262,0 75,293,129,375,0 44,370,150,413,0 328,302,372,359,0 1,258,91,271,0 1,202,32,226,0 372,1,412,26,0
dataset\JPEGImages\0_908.jpg 37,1,121,66,0 20,59,81,136,0 171,59,230,85,0 185,168,252,253,0 64,185,86,261,0 1,239,80,269,0 64,292,119,376,0 34,370,142,412,0 317,305,363,360,0 334,234,384,260,0 296,141,335,205,0 274,67,345,129,0 336,92,416,122,0 360,1,400,27,0
dataset\JPEGImages\0_909.jpg 176,170,244,253,0 290,142,325,204,0 323,235,373,259,0 307,300,353,358,0 54,294,107,373,0 24,372,128,412,0 1,256,70,269,0 57,192,79,262,0 9,59,71,137,0 28,1,111,67,0 161,56,221,84,0 264,68,335,130,0 325,93,404,123,0 349,1,389,28,0
dataset\JPEGImages\0_91.jpg 16,10,94,102,0 196,1,229,34,0 291,58,345,105,0 68,117,166,217,0 108,230,141,287,0 143,307,208,368,0 261,187,294,277,0 225,159,275,203,0 318,198,370,319,0 367,385,414,416,0 337,121,416,141,0
dataset\JPEGImages\0_910.jpg 1,256,61,272,0 45,190,67,261,0 43,294,98,373,0 165,170,232,254,0 278,141,315,204,0 313,235,363,260,0 297,302,341,359,0 392,133,416,169,0 253,68,324,128,0 315,92,394,124,0 340,1,378,28,0 151,59,212,87,0 1,59,61,136,0 17,1,99,67,0
dataset\JPEGImages\0_911.jpg 1,65,49,138,0 6,1,89,66,0 138,57,199,88,0 332,1,368,27,0 243,68,314,130,0 304,92,383,124,0 380,120,416,172,0 267,141,306,208,0 301,234,353,259,0 286,302,330,358,0 155,169,222,250,0 35,186,53,261,0 33,293,87,374,0 3,371,107,409,0 1,258,50,272,0
dataset\JPEGImages\0_912.jpg 321,1,357,27,0 234,68,303,131,0 295,93,373,122,0 370,120,416,170,0 398,68,416,144,0 258,142,293,203,0 293,234,343,258,0 389,281,416,314,0 276,302,321,358,0 145,170,211,252,0 126,58,190,86,0 1,5,78,67,0 1,71,37,135,0 20,185,42,262,0 23,292,77,376,0 1,371,97,415,0
dataset\JPEGImages\0_913.jpg 1,79,27,138,0 1,14,68,67,0 121,58,179,85,0 135,168,201,252,0 248,140,283,205,0 15,189,33,260,0 13,291,67,374,0 1,370,88,412,0 265,303,311,359,0 378,268,408,315,0 282,235,331,260,0 358,116,411,172,0 389,67,407,142,0 222,70,294,130,0 284,91,362,122,0 308,1,346,28,0
dataset\JPEGImages\0_914.jpg 1,20,61,68,0 111,57,169,86,0 123,169,191,251,0 238,142,273,204,0 273,234,321,256,0 256,303,301,360,0 368,269,399,313,0 350,117,403,170,0 379,67,398,141,0 298,1,337,27,0 212,67,283,130,0 273,90,353,122,0 1,372,76,411,0 3,293,56,370,0 1,186,21,261,0
dataset\JPEGImages\0_915.jpg 289,1,327,27,0 201,68,272,132,0 263,91,341,123,0 339,116,391,170,0 367,67,386,142,0 262,235,310,258,0 358,267,388,313,0 244,302,291,360,0 225,140,262,204,0 113,169,181,252,0 98,57,159,86,0 1,20,47,51,0 1,294,45,332,0 1,370,67,410,0 1,201,12,261,0
dataset\JPEGImages\0_916.jpg 1,19,36,50,0 88,58,147,86,0 103,168,170,250,0 1,292,36,316,0 1,372,54,404,0 235,303,279,358,0 348,268,378,313,0 383,320,416,347,0 250,237,300,257,0 215,142,251,204,0 191,69,261,128,0 251,94,331,123,0 328,116,380,171,0 355,68,377,143,0 279,1,316,27,0
dataset\JPEGImages\0_917.jpg 1,371,46,401,0 93,170,160,255,0 207,142,241,206,0 239,235,289,261,0 339,268,369,312,0 372,316,416,349,0 224,303,271,360,0 318,115,370,170,0 346,67,365,141,0 266,1,305,27,0 181,66,251,129,0 241,89,322,124,0 76,59,138,88,0
dataset\JPEGImages\0_918.jpg 82,170,148,253,0 68,59,127,87,0 193,141,230,206,0 169,67,241,129,0 232,92,309,123,0 307,117,361,169,0 336,68,356,146,0 231,235,280,259,0 213,302,258,358,0 328,269,359,315,0 363,308,416,347,0 253,1,295,27,0
dataset\JPEGImages\0_919.jpg 71,169,141,252,0 59,60,115,85,0 160,69,230,128,0 221,93,303,122,0 300,117,350,167,0 326,67,345,143,0 184,142,220,204,0 219,235,268,259,0 203,302,248,359,0 318,268,346,313,0 352,289,416,348,0 247,1,286,28,0
dataset\JPEGImages\0_92.jpg 5,7,84,102,0 186,1,218,35,0 282,59,335,106,0 326,120,414,140,0 398,204,416,257,0 307,199,362,319,0 214,160,264,203,0 249,187,285,279,0 57,116,156,219,0 98,229,133,285,0 132,306,197,367,0 356,383,416,415,0
dataset\JPEGImages\0_920.jpg 340,285,408,345,0 304,269,336,315,0 210,237,259,258,0 173,142,211,205,0 286,116,340,170,0 311,67,336,145,0 153,67,221,129,0 212,90,289,122,0 239,1,275,31,0 47,58,108,86,0 61,170,128,251,0 193,303,238,360,0
dataset\JPEGImages\0_921.jpg 139,69,211,130,0 200,91,279,124,0 276,116,329,169,0 305,67,325,142,0 228,1,264,28,0 37,58,96,84,0 51,168,118,255,0 162,141,199,204,0 198,235,247,260,0 182,302,229,361,0 295,269,326,314,0 332,285,398,347,0
dataset\JPEGImages\0_922.jpg 217,1,254,28,0 26,57,86,85,0 39,166,107,255,0 171,303,218,360,0 188,235,239,258,0 285,269,316,316,0 323,285,387,348,0 395,295,416,332,0 153,140,189,205,0 129,68,201,130,0 190,93,268,123,0 265,117,320,170,0 295,65,314,143,0
dataset\JPEGImages\0_923.jpg 257,117,309,169,0 285,67,304,142,0 117,67,189,131,0 180,92,258,123,0 142,140,178,205,0 30,170,97,253,0 17,59,76,85,0 178,235,227,259,0 161,301,206,360,0 276,268,305,313,0 311,285,376,347,0 385,252,416,332,0 204,1,243,29,0
dataset\JPEGImages\0_924.jpg 20,170,87,256,0 5,60,63,89,0 130,141,168,207,0 108,71,179,129,0 169,91,249,123,0 245,117,298,170,0 274,68,296,143,0 168,235,217,260,0 264,269,294,314,0 302,285,368,346,0 374,250,406,332,0 396,76,416,111,0 151,301,197,360,0 195,1,233,29,0
dataset\JPEGImages\0_93.jpg 1,1,75,95,0 46,115,145,217,0 87,228,125,287,0 122,307,187,367,0 239,186,274,279,0 203,158,254,208,0 271,59,325,106,0 175,1,208,36,0 296,198,350,320,0 375,192,416,206,0 388,203,416,263,0 346,381,416,415,0 315,119,403,139,0
dataset\JPEGImages\0_94.jpg 1,1,62,82,0 36,117,135,218,0 77,229,115,289,0 112,307,176,368,0 164,1,199,36,0 260,58,315,104,0 305,120,393,140,0 363,194,416,216,0 378,206,415,261,0 286,198,340,319,0 193,159,243,203,0 227,187,263,279,0 336,381,416,415,0
dataset\JPEGImages\0_946.jpg 333,256,380,328,0 301,361,350,393,0 216,224,280,264,0 182,189,232,228,0 289,69,351,145,0 13,24,105,38,0 1,49,38,76,0 1,83,76,126,0 133,301,201,369,0 1,380,55,413,0
dataset\JPEGImages\0_947.jpg 1,381,44,407,0 123,303,190,369,0 1,81,67,118,0 1,22,96,39,0 172,188,224,228,0 206,223,271,263,0 279,66,342,145,0 326,257,370,328,0 292,360,340,392,0 378,277,414,346,0 384,376,416,409,0
dataset\JPEGImages\0_948.jpg 373,374,416,408,0 406,312,416,362,0 367,274,403,348,0 316,256,360,326,0 281,363,332,394,0 195,224,260,264,0 160,190,211,227,0 269,69,331,146,0 112,302,178,367,0 1,81,58,112,0 1,22,87,37,0
dataset\JPEGImages\0_949.jpg 150,190,201,228,0 1,21,76,35,0 258,68,321,145,0 183,224,250,263,0 97,301,171,372,0 302,256,349,323,0 270,363,320,393,0 355,278,393,347,0 396,316,416,366,0 361,372,416,410,0
dataset\JPEGImages\0_95.jpg 1,1,53,51,0 25,117,126,217,0 68,228,103,288,0 101,306,168,368,0 182,158,234,205,0 218,187,253,280,0 249,59,303,106,0 153,1,186,33,0 296,120,382,139,0 277,199,330,320,0 368,204,405,261,0 354,196,416,240,0 325,381,414,416,0
dataset\JPEGImages\0_950.jpg 1,23,64,33,0 141,188,191,228,0 175,220,241,261,0 95,299,160,367,0 247,67,311,144,0 296,256,340,326,0 261,361,309,392,0 346,274,383,346,0 353,316,416,409,0
dataset\JPEGImages\0_951.jpg 1,21,54,34,0 238,69,300,146,0 130,188,180,228,0 164,223,228,263,0 79,300,150,370,0 283,256,328,330,0 250,361,299,392,0 336,278,372,345,0 343,315,416,409,0
dataset\JPEGImages\0_952.jpg 118,189,171,227,0 154,223,219,261,0 70,302,139,369,0 272,256,318,328,0 227,69,289,144,0 326,278,362,347,0 331,316,416,410,0 241,363,289,392,0 1,21,43,32,0
dataset\JPEGImages\0_953.jpg 58,302,128,369,0 107,188,158,227,0 143,224,207,265,0 216,69,279,145,0 264,256,307,327,0 230,362,278,392,0 314,278,352,346,0 321,315,407,409,0
dataset\JPEGImages\0_954.jpg 95,190,149,228,0 133,223,197,264,0 48,300,119,370,0 252,256,298,330,0 207,67,268,143,0 305,276,342,345,0 309,317,398,410,0 221,362,268,392,0
dataset\JPEGImages\0_955.jpg 196,70,258,145,0 88,190,140,227,0 122,224,187,263,0 37,301,106,369,0 241,256,287,325,0 296,279,331,346,0 300,315,387,408,0 210,361,259,391,0
dataset\JPEGImages\0_956.jpg 27,300,97,370,0 75,188,129,228,0 111,223,176,263,0 186,69,248,144,0 232,257,276,328,0 195,362,246,393,0 283,278,321,346,0 287,317,377,410,0
dataset\JPEGImages\0_957.jpg 16,303,85,368,0 67,192,118,227,0 103,223,168,263,0 177,67,239,145,0 221,255,266,328,0 271,274,310,346,0 280,314,366,409,0 189,360,239,396,0
dataset\JPEGImages\0_958.jpg 8,302,77,370,0 55,189,107,227,0 91,224,156,264,0 165,70,228,145,0 212,256,257,329,0 262,276,301,347,0 269,315,355,409,0 400,284,416,391,0 177,362,227,395,0
dataset\JPEGImages\0_959.jpg 45,190,97,228,0 80,223,146,264,0 1,301,65,370,0 200,256,245,328,0 153,69,217,146,0 253,278,289,347,0 258,317,345,408,0 389,279,409,387,0 168,362,218,394,0
dataset\JPEGImages\0_96.jpg 173,160,230,202,0 264,199,319,320,0 92,307,157,367,0 57,231,89,282,0 14,116,114,219,0 207,184,243,278,0 356,205,394,259,0 345,195,406,237,0 239,59,293,104,0 286,121,372,141,0 313,381,416,415,0 144,1,177,38,0 1,1,41,51,0
dataset\JPEGImages\0_960.jpg 35,190,87,227,0 71,224,135,262,0 145,67,206,144,0 189,256,235,328,0 1,302,55,365,0 154,363,205,392,0 242,275,279,347,0 248,316,334,410,0 375,279,398,390,0
dataset\JPEGImages\0_961.jpg 1,303,43,359,0 25,189,77,227,0 60,222,124,263,0 135,68,196,145,0 181,256,224,328,0 147,363,195,391,0 232,276,268,346,0 237,316,324,410,0 369,281,389,390,0 376,218,416,237,0
dataset\JPEGImages\0_962.jpg 1,301,33,351,0 15,190,66,228,0 49,223,114,265,0 124,68,185,144,0 169,256,214,328,0 134,362,185,392,0 221,277,259,345,0 228,315,314,410,0 357,281,377,389,0 366,216,416,236,0 397,131,416,170,0 388,1,415,46,0
dataset\JPEGImages\0_963.jpg 6,190,56,227,0 39,223,104,265,0 114,69,175,142,0 157,256,204,326,0 211,275,248,347,0 217,315,304,410,0 342,279,367,389,0 353,215,416,237,0 386,130,416,170,0 377,1,407,44,0 1,302,22,344,0 124,362,173,393,0
dataset\JPEGImages\0_964.jpg 150,254,194,329,0 199,276,238,347,0 206,314,293,410,0 338,281,358,388,0 343,214,416,245,0 375,130,416,174,0 367,1,396,43,0 103,67,165,144,0 28,222,93,264,0 1,188,44,227,0 115,362,164,391,0
dataset\JPEGImages\0_965.jpg 365,131,416,172,0 356,1,386,45,0 92,69,154,145,0 136,256,183,327,0 333,216,405,244,0 18,223,82,263,0 1,190,34,219,0 190,278,227,346,0 196,314,282,408,0 327,280,347,388,0 104,362,153,392,0
dataset\JPEGImages\0_966.jpg 8,223,73,265,0 82,68,144,145,0 125,256,172,326,0 180,277,217,348,0 187,315,274,408,0 315,281,336,388,0 93,363,144,392,0 322,218,398,242,0 354,130,410,172,0 346,1,376,44,0 376,2,416,15,0
dataset\JPEGImages\0_97.jpg 5,116,104,220,0 46,230,83,288,0 81,305,146,366,0 163,160,214,205,0 228,57,282,105,0 133,1,166,36,0 255,197,308,319,0 347,205,383,258,0 333,194,394,236,0 275,122,363,140,0 304,382,416,416,0 393,76,416,134,0 197,187,232,278,0
dataset\JPEGImages\0_98.jpg 1,122,94,217,0 150,160,203,204,0 245,199,298,319,0 218,58,272,107,0 36,230,72,287,0 69,307,136,369,0 336,205,373,257,0 324,195,385,237,0 264,117,352,135,0 383,73,416,135,0 291,377,409,414,0 123,1,155,35,0 187,186,222,279,0
dataset\JPEGImages\0_988.jpg 16,231,108,268,0 1,256,52,305,0 139,331,161,413,0 140,288,247,357,0 206,272,257,281,0 264,294,329,346,0 291,341,400,399,0 304,230,375,289,0 347,238,416,325,0 315,170,371,218,0 227,59,304,115,0 329,47,381,103,0 177,6,225,46,0 259,10,308,23,0 120,89,174,118,0 75,159,143,181,0 115,209,217,240,0 2,88,45,144,0 4,27,100,109,0 354,1,416,47,0
dataset\JPEGImages\0_989.jpg 131,288,237,357,0 295,230,364,289,0 338,238,416,328,0 255,294,318,345,0 196,270,249,283,0 1,256,41,304,0 7,229,97,268,0 63,159,133,180,0 108,91,165,118,0 216,60,295,114,0 166,7,214,47,0 247,12,297,25,0 343,1,411,48,0 318,46,366,101,0 1,28,89,99,0 1,91,36,145,0 105,212,207,240,0 133,329,153,413,0 281,341,389,398,0 306,173,364,221,0
dataset\JPEGImages\0_99.jpg 235,199,288,320,0 142,160,196,202,0 1,141,84,220,0 25,228,57,283,0 59,306,124,368,0 328,206,363,260,0 314,194,375,240,0 371,64,416,135,0 209,59,261,104,0 251,121,342,139,0 283,378,397,416,0 112,1,146,37,0 177,187,212,279,0
dataset\JPEGImages\0_990.jpg 121,289,228,358,0 122,330,142,413,0 187,269,237,281,0 244,292,307,345,0 285,229,353,289,0 326,237,414,328,0 269,342,379,399,0 204,60,284,116,0 296,172,360,223,0 375,206,416,228,0 308,47,358,102,0 99,91,151,116,0 51,159,122,180,0 96,215,197,242,0 1,256,30,297,0 1,228,87,269,0 156,7,204,48,0 238,7,286,24,0 332,1,401,47,0 1,94,26,145,0 1,37,79,105,0
dataset\JPEGImages\0_991.jpg 1,47,68,101,0 88,88,142,117,0 39,159,113,181,0 87,216,187,241,0 176,268,226,284,0 112,286,217,361,0 235,295,297,349,0 273,228,343,289,0 316,236,416,329,0 362,206,416,230,0 285,170,350,226,0 299,45,349,102,0 321,1,391,46,0 226,11,276,22,0 146,7,193,48,0 196,59,273,116,0 1,228,77,255,0 1,256,20,284,0 257,340,369,398,0 110,329,133,412,0
dataset\JPEGImages\0_992.jpg 97,288,206,359,0 100,331,121,415,0 165,270,216,281,0 224,294,288,345,0 262,229,333,290,0 249,342,357,398,0 305,237,416,329,0 353,203,416,226,0 275,171,332,223,0 286,46,337,100,0 312,1,380,48,0 216,11,266,24,0 136,6,183,48,0 185,60,263,113,0 78,90,134,118,0 1,55,58,104,0 28,155,100,180,0 68,210,176,242,0 1,228,66,252,0
dataset\JPEGImages\0_993.jpg 20,159,91,179,0 69,92,122,116,0 174,61,253,114,0 156,269,207,282,0 90,288,196,358,0 93,331,112,413,0 215,293,278,344,0 252,232,322,288,0 295,237,415,329,0 237,342,348,399,0 345,202,411,226,0 125,8,171,46,0 205,10,255,23,0 58,210,166,240,0 1,226,56,245,0
dataset\JPEGImages\0_994.jpg 78,286,185,358,0 80,329,99,413,0 202,294,265,345,0 229,342,337,398,0 242,229,312,289,0 284,238,410,331,0 399,323,416,375,0 144,268,195,281,0 163,60,242,115,0 115,7,161,46,0 59,90,111,118,0 11,158,81,179,0 336,203,402,227,0 253,172,309,218,0 266,45,317,103,0 292,1,359,48,0 196,9,246,24,0 47,204,155,241,0
dataset\JPEGImages\0_995.jpg 1,158,70,179,0 48,91,99,116,0 105,9,151,47,0 186,11,236,22,0 154,57,231,115,0 233,229,301,289,0 136,269,186,285,0 68,291,175,358,0 196,294,256,344,0 219,343,326,397,0 274,239,401,329,0 387,314,416,378,0 325,203,391,225,0 36,203,144,241,0 257,47,305,102,0 281,1,349,47,0 243,172,299,220,0
dataset\JPEGImages\0_996.jpg 142,60,222,115,0 36,91,91,117,0 1,159,60,180,0 124,268,175,283,0 57,289,164,359,0 59,331,79,411,0 187,294,246,345,0 207,338,317,398,0 221,230,290,288,0 264,237,390,330,0 377,310,411,379,0 93,7,141,48,0 175,10,222,22,0 313,203,382,226,0 245,46,295,103,0 232,170,294,224,0 30,209,133,240,0 271,1,338,48,0
dataset\JPEGImages\0_997.jpg 26,90,79,116,0 1,164,49,181,0 84,7,132,48,0 165,11,216,24,0 385,100,415,153,0 46,288,153,357,0 113,270,164,282,0 173,295,234,345,0 212,228,281,291,0 254,237,380,330,0 368,310,399,375,0 197,340,305,399,0 49,330,70,411,0 133,60,210,117,0 303,202,374,225,0 18,210,123,240,0 222,170,279,220,0 234,45,286,101,0 261,1,328,47,0
dataset\JPEGImages\0_998.jpg 373,101,416,153,0 199,227,269,289,0 241,236,369,328,0 353,309,390,379,0 186,341,295,400,0 37,290,143,357,0 164,295,225,346,0 39,331,60,412,0 103,268,155,282,0 121,61,200,114,0 155,11,203,24,0 72,8,121,46,0 17,91,68,117,0 294,202,361,226,0 225,47,275,101,0 249,1,318,49,0 213,170,267,219,0 5,205,114,239,0
dataset\JPEGImages\0_999.jpg 111,61,191,115,0 63,8,111,48,0 363,100,415,153,0 176,343,288,399,0 27,290,132,357,0 152,293,214,346,0 28,330,54,413,0 92,269,146,283,0 189,229,260,289,0 234,238,361,336,0 347,309,380,387,0 7,91,59,118,0 285,203,353,225,0 143,12,192,26,0 238,1,307,47,0 214,46,263,99,0 202,171,256,217,0 1,208,103,240,0

